# Imu to Depth

T_I_D:
  matrix: [0.9997436709991686, 0.009354811462138238, -0.020617463462293702, -0.05639869396351879, 0.0011369930171913852, 0.8887513327404883, 0.4583882369770082, 0.11233614699851177, 0.022611933663223643, -0.4582941806902187, 0.8885128836440677, -0.11544115571898432, 0.0, 0.0, 0.0, 1.0]
#   matrix: [0.999918644644339, 0.002895590767687325, -0.012422545903991134, -0.056629950469227086, 0.002899304300775854, 0.8968082391995457, 0.442409963877832, 0.11158965455763553, 0.012421679725471334, -0.4424099881986382, 0.8967268838475186, -0.10580835383876001, 0.0, 0.0, 0.0, 1.0]
#  matrix: [0.9999308583453441, 0.007257587511927377, -0.009252348472073624, -0.05744426262094812, -0.0021952901907800393, 0.8881982968871249, 0.45945507517905093, 0.11595566145740746, 0.011552455571013129, -0.4594029961050709, 0.88815281789789, -0.10945971438163242, 0.0, 0.0, 0.0, 1.0]

