T_I_D:
  quaternion: [0.7106305897844819, 0.70355963864234772, -0.0028283804568536592, 0]
  translation_m: [-0.0066278342814687129, 0.03607990536312302, 0.0028830958578366923]
