T_I_D:
  quaternion: [-0.9999835714054479;  0.004912506370950757;  0.001848877977980229;  0.002303443201699748]
  translation_m: [0.03588924870877858;  -0.007040485471323275;  -0.002579107122546876]